
model: 1                #model=1 是A4方向即1端；model=2 是B2方向即2端。
distance_safe: 0.8      #距离中心线安全距离
ID_road: 0             # ID0  8-1; ID1  8-2; ID2  8-3; ID3  9-1; ID4  9-2; ID5  9-3



car_id: 1               #  选择几号车的标定参数，包含定位雷达到感知雷达、雷达到图像

#######################################################################
# Calibration Parameters for 4 vehicles (A4 LiDAR & B2 LiDAR)
# lidar huawei ——> lidar innovition
#######################################################################

trains:
  train1:
    A4:
      - [0.990129,-0.0104056,0.00592808,0.075283]
      - [0.00972796,0.989041,0.0100954,0.0775075]
      - [-0.00672676,-0.00942175,0.988972,2.63172]
      - [0, 0, 0, 1]

    B2:
      - [-0.999735,0.022777,0.003513,-11.104364]
      - [-0.022759,-0.999729,0.005089,-0.033569]
      - [0.003628,0.005007,0.999981,2.705864]
      - [0, 0, 0, 1]

  train2:
    A4:
      - [0.989732,-0.0215892,0.0215359,0.188206]
      - [0.0207714,0.988883,0.00888205,0.0703744]
      - [-0.0223917,-0.00780364,0.988755,2.69101]
      - [0, 0, 0, 1]

    B2:
      - [-0.999846,0.016355,-0.006396,-11.186340]
      - [-0.016372,-0.999864,0.002541,0.054987]
      - [-0.006354,0.002645,0.999976,2.827408]
      - [0, 0, 0, 1]

  train3:
    A4:
      - [0.9879, -0.0173695, -0.065193, -0.300088]
      - [0.0161826, 0.988967, -0.0090699, -0.182568]
      - [0.0645694, 0.00860113, 0.986892, 2.57442]
      - [0, 0, 0, 1]

    B2:
      - [-0.999605, 0.025871, -0.005056, -12.619281]
      - [-0.025641, -0.999199, -0.032060, -0.228776]
      - [-0.005938, -0.031870, 0.999496, 2.237476]
      - [0, 0, 0, 1]

  train4:
    A4:
      - [0.990071,-0.0166091,0.00991559,0.124762]
      - [0.0158507,0.989008,0.00614396,0.0206412]
      - [-0.0104484,-0.00543231,0.988906,2.59821]
      - [0, 0, 0, 1]

    B2:
      - [-0.999820,0.015236,-0.010032,-11.137336]
      - [-0.014955,-0.999798,-0.016850,0.017332]
      - [-0.010217,-0.016678,0.999791,3.242482]
      - [0, 0, 0, 1]




#######################################################################
# Calibration Parameters for 4 vehicles (A4 LiDAR & B2 LiDAR)
# lidar ——> camera
#######################################################################

cars:

  car1:
    A4:
      RT: [
        -0.00846422, -0.99994,   -0.00689605, 0.0181993,
        -0.00363124,  0.00692687,-0.999969,   1.67874,
         0.999958,   -0.00843886,-0.00368978,-0.00733841,
         0.0,         0.0,        0.0,        1.0
      ]
      intrinsic: [
        1945.7477798718, 0.0, 961.1595327614,
        0.0, 1945.5714643768, 539.2473685795,
        0.0, 0.0, 1.0
      ]
      distortion: [
        -0.1564091955,21.1636865151,-0.0001633064,-0.0001274706,
         2.0697618902,0.3904040816,21.0273942139,13.7663113293
      ]

    B2:
      RT: [
        0.00214286,-0.999979,-0.00604647,-0.0124181,
        0.108045,0.00624249,-0.994126,1.44941,
        0.994144,0.00147704,0.108056,-0.241347,
        0.0,0.0,0.0,1.0
      ]
      intrinsic: [
        1943.9288496496,0.0,963.0829871911,
        0.0,1944.1180186287,542.0765327474,
        0.0,0.0,1.0
      ]
      distortion: [
        -1.10568,-3.83178,-0.000543825,-0.000255049,
        -0.8396272769,-0.5660759121,-4.4017648958,-3.1482455770
      ]

  car2:
    A4:
      RT: [
        -0.0284087,-0.999573,0.00686572,0.0257252,
        -0.106983,-0.00378865,-0.994254,1.60088,
         0.993855,-0.0289799,-0.10683,0.0559993,
         0.0,0.0,0.0,1.0
      ]
      intrinsic: [
        1938.84144455,0.0,970.43821633,
        0.0,1935.16385032,525.73889621,
        0.0,0.0,1.0
      ]
      distortion: [
        -0.540914,0.22445,0.00020857,-0.00100595,
        0.0861906,0.0,0.0,0.0
      ]

    B2:
      RT: [
        -0.0284087,-0.999573,0.00686572,0.0257252,
        -0.106983,-0.00378865,-0.994254,1.60088,
         0.993855,-0.0289799,-0.10683,0.0559993,
         0.0,0.0,0.0,1.0
      ]
      intrinsic: [
        1938.84144455,0.0,970.43821633,
        0.0,1935.16385032,525.73889621,
        0.0,0.0,1.0
      ]
      distortion: [
        -0.540914,0.22445,0.00020857,-0.00100595,
        0.0861906,0.0,0.0,0.0
      ]

  car3:
    A4:
      RT: [
        -0.0408837,-0.999164,-0.000994773,-0.0346691,
         0.0800667,-0.00228378,-0.996787,1.72898,
         0.995951,-0.040832,0.0800938,-0.190248,
         0.0,0.0,0.0,1.0
      ]
      intrinsic: [
        1946.887113,0.0,960.957987,
        0.0,1946.973752,542.841458,
        0.0,0.0,1.0
      ]
      distortion: [
        0.8703282128,20.7141316892,-0.0004281420,0.0001311163,
        2.9607147433,1.4188653397,21.1044318102,14.6447061109
      ]

    B2:
      RT: [
        0.0673151,-0.995844,-0.0613515,0.0648812,
        0.0227927,0.0630098,-0.997753,1.55582,
        0.997472,0.0657654,0.0269402,-0.0543993,
        0.0,0.0,0.0,1.0
      ]
      intrinsic: [
        1949.570863,0.0,960.509482,
        0.0,1949.567689,540.3680358,
        0.0,0.0,1.0
      ]
      distortion: [
        0.5418007037,-7.1012779171,-0.0002312713,0.0000767248,
        -1.0515098087,1.0851969307,-6.7779423143,-5.2128752315
      ]

  car4:
    A4:
      RT: [
        -0.0418761,-0.999111,0.00502162,-0.00786759,
         0.0322739,-0.0063761,-0.999459,1.67281,
         0.998602,-0.0416913,0.0325129,-0.0168522,
         0.0,0.0,0.0,1.0
      ]
      intrinsic: [
        1946.1380396086,0.0,960.7092785430,
        0.0,1945.9716225154,540.3852725366,
        0.0,0.0,1.0
      ]
      distortion: [
        -0.2639071358,13.1790864706,-0.0003361183,-0.0000016039,
         1.0594004137,0.2788700612,13.0386133076,8.2112238042
      ]

    B2:
      RT: [
        -0.0276171,-0.999619,-0.000175643,0.00278909,
         0.0604142,-0.00149375,-0.998172,1.70678,
         0.997791,-0.0275773,0.0604335,-0.0668681,
         0.0,0.0,0.0,1.0
      ]
      intrinsic: [
        1948.9709285809,0.0,959.8811570458,
        0.0,1949.0371469339,543.2894848481,
        0.0,0.0,1.0
      ]
      distortion: [
        6.0896601063,81.0100946136,-0.0000709062,-0.0000264426,
        10.8806649908,6.6414363547,84.1384379656,56.3078382235
      ]
