
logFile: ./    #logPath, Does not support dynamic modification
appName: LDT #Node name
description: Lidar 3D detection module
priority: 0    #{0 ... 12} not currently used
scheduleFrequency: 10 #not currently used
isDetermineSchedule: false    #{true, false}, not currently used
logMode: 6    #{0, 1, 2, 3, 4, 5, 6}, 0: 固定文件存储，异步日志 1: 打屏，同步日志，适合调试， 2: 指定文件存储，同步日志，适合调试，
              #3：固定+打屏， 4：固定+指定， 5：打屏+指定， 6：固定+打屏+指定
logLevel: 2    #{0，1，2，3，4，5, 6}， 0：verbose, 1：debug, 2：info, 3：warn, 4：error, 5：fatal, 6：off

isObjectSend: true
isLocationActivate: true

recvInstanceID: 
    lidarInstanceID: [4,6]        # 上A3(3) 下A4(4) 上B1(5) 下B2(6)   写两个ID就意味着必须要开两个驱动
    locationInstanceID: 113   # location instance id
sendInstanceID: 
    detectionOutInstanceID: 2005 #{2001...2005} send object array instance id
mvizVision: 1  #是否将聚类结果可视化到mviz上
model: 2        #  1 = A4； 2 = B2
ground_roi_z: 0.3           #点云地面以上滤除高度
ID_road: 0             # ID0  8-1; ID1  8-2; ID2  8-3; ID3  9-1; ID4  9-2; ID5  9-3

car_id: 2               #  选择几号车的标定参数，定位雷达到感知雷达

#######################################################################
# Calibration Parameters for 4 vehicles (A4 LiDAR & B2 LiDAR)
# lidar huawei ——> lidar innovition
#######################################################################

trains:
  train1:
    A4:
      - [0.990129,-0.0104056,0.00592808,0.075283]
      - [0.00972796,0.989041,0.0100954,0.0775075]
      - [-0.00672676,-0.00942175,0.988972,2.63172]
      - [0, 0, 0, 1]

    B2:
      - [-0.999735,0.022777,0.003513,-11.104364]
      - [-0.022759,-0.999729,0.005089,-0.033569]
      - [0.003628,0.005007,0.999981,2.705864]
      - [0, 0, 0, 1]

  train2:
    A4:
      - [0.989732,-0.0215892,0.0215359,0.188206]
      - [0.0207714,0.988883,0.00888205,0.0703744]
      - [-0.0223917,-0.00780364,0.988755,2.69101]
      - [0, 0, 0, 1]

    B2:
      - [-0.999846,0.016355,-0.006396,-11.186340]
      - [-0.016372,-0.999864,0.002541,0.054987]
      - [-0.006354,0.002645,0.999976,2.827408]
      - [0, 0, 0, 1]

  train3:
    A4:
      - [0.9879, -0.0173695, -0.065193, -0.300088]
      - [0.0161826, 0.988967, -0.0090699, -0.182568]
      - [0.0645694, 0.00860113, 0.986892, 2.57442]
      - [0, 0, 0, 1]

    B2:
      - [-0.999605, 0.025871, -0.005056, -12.619281]
      - [-0.025641, -0.999199, -0.032060, -0.228776]
      - [-0.005938, -0.031870, 0.999496, 2.237476]
      - [0, 0, 0, 1]

  train4:
    A4:
      - [0.990071,-0.0166091,0.00991559,0.124762]
      - [0.0158507,0.989008,0.00614396,0.0206412]
      - [-0.0104484,-0.00543231,0.988906,2.59821]
      - [0, 0, 0, 1]

    B2:
      - [-0.999820,0.015236,-0.010032,-11.137336]
      - [-0.014955,-0.999798,-0.016850,0.017332]
      - [-0.010217,-0.016678,0.999791,3.242482]
      - [0, 0, 0, 1]